//transmission	prob	M	to	F										
0.595779	0.402481	0.538443	0.181998	0.484601	0.440173	0.191856	0.5284445	0.463153	0.1496685	0.543729	0.462523	0.3721425		
//transmission	prob	F	to	M										
0.08708455	0.3797175	0.277734	0.309041	0.198352	0.229471	0.2375375	0.3289545	0.4084165	0.562369	0.322089	0.2849975	0.5669815		
//average	duration	of	HPV	DNA	positive	infection	for	males						
52.5155	24.1978	14.2315	14.1517	22.33405	19.9202	22.92165	34.5589	29.40565	13.7492	20.236	32.9581	41.6898		
//average	duration	of	HPV	DNA	positive	infection	for	females						
49.55945	42.2139	33.9576	30.4423	43.2307	36.70965	45.508	40.41055	36.8925	31.82125	50.03535	29.3613	32.7026		
//average	duration	of	latency	for	males									
909.7475	855.6865	976.8055	843.1855	643.147	710.0325	723.1355	749.975	818.2225	1045.64	724.0835	720.174	894.2575		
//average	duration	of	latency	for	females									
1008.46	961.8695	1083.695	919.7385	1028.605	894.83	930.945	914.159	975.3035	961.855	994.026	947.134	1013.11		
//average	duration	of	immunity	for	males									
863.0315	546.766	472.2285	469.9675	327.4245	496.1375	523.4445	513.187	595.7665	584.484	413.532	436.485	618.5935		
//average	duration	of	immunity	for	females									
816.1295	907.5945	859.83	834.855	898.1715	979.391	921.322	939.199	842.6715	859.113	903.496	1018.65	986.297		
//proportion	that	will	become	latently	infected	after	DNA	clearance						
0.5571875	0.64602	0.29571	0.508349	0.5033615	0.6572625	0.7270505	0.575016	0.435822	0.5385225	0.621794	0.5080135	0.355728		
//impact	of	HIV	stage	on	reactivation	of	latency	-	latent	then	late			
2.44365	2.139875	2.25604	2.23973	2.447135	1.81676	2.5107	1.96244	2.512385	2.67703	1.98579	1.90849	2.67513		
2.066175186	1.946537714	1.749451834	1.902849325	1.960492133	1.848247744	2.003244583	1.912741829	1.968437259	1.906144366	1.967870462	1.941527616	1.967220284		
//impact	of	HIV	stage	on	HPV	infection	duration	-	acute/late,	then	latent			
2.238215	2.1321	1.644985	2.00814	2.02047	1.81555	2.06365	1.90907	2.05073	2.2857	1.82774	1.8107	2.122615		
1.33478	1.27851	1.26468	1.335125	1.40251	1.33467	1.41506	1.28301	1.420315	1.38914	1.318105	1.35192	1.43484		
//std	deviation	of	the	study	effect									
0.1571175	0.1316605	0.1868555	0.2898415	0.18554	0.2201835	0.27302	0.2226135	0.1673875	0.176924	0.1796045	0.1964525	0.087788		
//HPV	infection	duration	multiplier											
0.530	0.638	0.647	0.647	0.647	0.647	0.647	0.647	0.647	0.647	0.647	0.647	0.647
//Proportions	that	progress	to	CIN1,	prog	and	reg	from	CIN1	//prog from CIN1 
0.227	0.173	0.154	0.154	0.154	0.154	0.154	0.154	0.154	0.154	0.154	0.154	0.154
0.150	0.068	0.110	0.110	0.110	0.110	0.110	0.110	0.110	0.110	0.110	0.110	0.110
0.657	0.915	1.020	1.020	1.020	1.020	1.020	1.020	1.020	1.020	1.020	1.020	1.020
//Prg	and	reg	from	CIN2										
0.041	0.015	0.008	0.008	0.008	0.008	0.008	0.008	0.008	0.008	0.008	0.008	0.008
0.443	0.671	0.606	0.606	0.606	0.606	0.606	0.606	0.606	0.606	0.606	0.606	0.606
//Prop	clear	infection												
0.9 0.9 0.9 0.9 0.9 0.9 0.9 0.9 0.9 0.9 0.9 0.9 0.9 														
//prog/reg	multipliers													
2.540	2.540	2.540	2.540	2.540	2.540	2.540	2.540	2.540	2.540	2.540	2.540	2.540
1.21	1.21	1.21	1.21	1.21	1.21	1.21	1.21	1.21	1.21	1.21	1.21	1.21
0.715	0.715	0.715	0.715	0.715	0.715	0.715	0.715	0.715	0.715	0.715	0.715	0.715
0.759	0.759	0.759	0.759	0.759	0.759	0.759	0.759	0.759	0.759	0.759	0.759	0.759
1.00	1.00	1.00	1.00	1.00	1.00	1.00	1.00	1.00	1.00	1.00	1.00	1.00
//CIN3	is	shorter	in	HIV+:	multiplier									
0.829	0.829	0.829	0.829	0.829	0.829	0.829	0.829	0.829	0.829	0.829	0.829	0.829
//Duration
855.4	855.4	855.4	855.4	855.4	855.4	855.4	855.4	855.4	855.4	855.4	855.4	855.4
//shape												
2.55	2.55	2.55	2.55	2.55	2.55	2.55	2.55	2.55	2.55	2.55	2.55	2.55
//multiplier	for	CIN3	HIV	multiplier										
1	1	1	1	1	1	1	1	1	1	1	1	1		
//std	deviation	of	the	study	effect	-	abnormal	cytology	0.199097					
0.317
//std	deviation	of	the	study	effect	-	high	grade	0.7875525					
0														
//rate of diagnosis
0.023	0.023	0.023	0.023	0.023	0.023	0.023	0.023	0.023	0.023	0.023	0.023	0.023
0.117	0.117	0.117	0.117	0.117	0.117	0.117	0.117	0.117	0.117	0.117	0.117	0.117
0.606	0.606	0.606	0.606	0.606	0.606	0.606	0.606	0.606	0.606	0.606	0.606	0.606
0.935	0.935	0.935	0.935	0.935	0.935	0.935	0.935	0.935	0.935	0.935	0.935	0.935
//age multipliers (CIN2reg30, CIN2prog30, CIN2prog50, CIN3_50
0.589	0.589	0.589	0.589	0.589	0.589	0.589	0.589	0.589	0.589	0.589	0.589	0.589
2.48	2.48	2.48	2.48	2.48	2.48	2.48	2.48	2.48	2.48	2.48	2.48	2.48
3.77	3.77	3.77	3.77	3.77	3.77	3.77	3.77	3.77	3.77	3.77	3.77	3.77
1.00	1.00	1.00	1.00	1.00	1.00	1.00	1.00	1.00	1.00	1.00	1.00	1.00	