0.453 0.27216 0.14593 0.07252 0.04118 0.01164 0.00358 0 0 0 0 0 0 0 0 0 0 0 0 0 0 0 0 0 0 0 0 0 0 0 0 0 0 0 0 0 0 0 0 0 0 0 0 0 0 0 0 0 0 0 0 0 0 0 0 0 0 0 0 0
0.26668 0.23319 0.18357 0.12882 0.08074 0.05503 0.02487 0.01362 0.00806 0.00417 0.00083 0.00042 0 0 0 0 0 0 0 0 0 0 0 0 0 0 0 0 0 0 0 0 0 0 0 0 0 0 0 0 0 0 0 0 0 0 0 0 0 0 0 0 0 0 0 0 0 0 0 0
0.11532 0.12592 0.13171 0.1322 0.12097 0.11306 0.09428 0.06773 0.04675 0.02684 0.01306 0.00699 0.00325 0.00141 0.00042 7e-05 0 0 0 0 0 0 0 0 0 0 0 0 0 0 0 0 0 0 0 0 0 0 0 0 0 0 0 0 0 0 0 0 0 0 0 0 0 0 0 0 0 0 0 0
0.13567 0.11885 0.09473 0.07692 0.07802 0.07702 0.07436 0.07717 0.06901 0.06065 0.05149 0.03358 0.02507 0.01426 0.00686 0.00375 0.0015 6e-04 0.00045 5e-05 0 0 0 0 0 0 0 0 0 0 0 0 0 0 0 0 0 0 0 0 0 0 0 0 0 0 0 0 0 0 0 0 0 0 0 0 0 0 0 0
0.11476 0.11432 0.11527 0.10755 0.09575 0.08219 0.06598 0.05185 0.04116 0.03823 0.0359 0.03294 0.02866 0.02586 0.01874 0.01355 0.0088 0.00458 0.00216 0.00105 0.00054 7e-05 7e-05 3e-05 0 0 0 0 0 0 0 0 0 0 0 0 0 0 0 0 0 0 0 0 0 0 0 0 0 0 0 0 0 0 0 0 0 0 0 0
0.09265 0.08964 0.08883 0.08824 0.09107 0.08772 0.08366 0.07847 0.0689 0.05414 0.0418 0.03174 0.02243 0.01794 0.01537 0.01237 0.01039 0.00855 0.00607 0.0049 0.00292 0.00137 0.00058 0.00018 3e-05 3e-05 0 0 0 0 0 0 0 0 0 0 0 0 0 0 0 0 0 0 0 0 0 0 0 0 0 0 0 0 0 0 0 0 0 0
0.08094 0.07978 0.07972 0.08019 0.07899 0.07669 0.07491 0.07146 0.06651 0.06341 0.05431 0.04851 0.04177 0.03022 0.02319 0.01534 0.01012 0.00642 0.00499 0.004 0.0033 0.00207 0.0012 0.00096 0.00067 0.00023 6e-05 3e-05 3e-05 0 0 0 0 0 0 0 0 0 0 0 0 0 0 0 0 0 0 0 0 0 0 0 0 0 0 0 0 0 0 0
0.09772 0.08671 0.08071 0.07547 0.07106 0.06891 0.06796 0.06466 0.0616 0.05333 0.04901 0.04532 0.0381 0.03381 0.02874 0.02205 0.01813 0.01348 0.00834 0.00537 0.00372 0.00185 0.00168 0.00076 0.00063 4e-04 0.00023 1e-04 0.00013 3e-05 0 0 0 0 0 0 0 0 0 0 0 0 0 0 0 0 0 0 0 0 0 0 0 0 0 0 0 0 0 0
0.09442 0.08912 0.09317 0.0908 0.08323 0.08124 0.06796 0.05959 0.05429 0.04753 0.04237 0.03682 0.03243 0.02765 0.0234 0.01813 0.01597 0.01269 0.00879 0.00715 0.00513 0.00303 0.00206 0.0016 0.00045 0.00049 0.00024 1e-04 7e-05 3e-05 3e-05 0 0 0 0 0 0 0 0 0 0 0 0 0 0 0 0 0 0 0 0 0 0 0 0 0 0 0 0 0
0.08153 0.07307 0.07546 0.08044 0.0768 0.07934 0.07756 0.07493 0.07323 0.06858 0.0543 0.04176 0.03136 0.0248 0.02185 0.01667 0.01295 0.01044 0.00761 0.00583 0.00368 0.0032 0.00158 0.00117 0.00073 0.00036 0.00045 2e-04 8e-05 4e-05 0 0 0 0 0 0 0 0 0 0 0 0 0 0 0 0 0 0 0 0 0 0 0 0 0 0 0 0 0 0
0.07416 0.06819 0.06744 0.06907 0.06982 0.06772 0.07103 0.06735 0.06581 0.05966 0.05873 0.05738 0.04992 0.04335 0.03454 0.02582 0.01692 0.00946 0.00667 0.00499 0.00364 0.00298 0.0021 0.00121 0.00093 0.00047 0.00019 0.00019 0.00014 9e-05 5e-05 0 0 0 0 0 0 0 0 0 0 0 0 0 0 0 0 0 0 0 0 0 0 0 0 0 0 0 0 0
0.06985 0.05897 0.06013 0.06105 0.06135 0.06362 0.0608 0.06099 0.06374 0.05708 0.05262 0.05243 0.04932 0.04113 0.03954 0.03734 0.03117 0.02829 0.01949 0.01363 0.00727 0.00471 0.00183 0.00183 0.00055 0.00043 0.00055 0.00024 6e-05 0 0 0 0 0 0 0 0 0 0 0 0 0 0 0 0 0 0 0 0 0 0 0 0 0 0 0 0 0 0 0
0.06875 0.0586 0.05821 0.06313 0.06323 0.06107 0.05289 0.05614 0.05476 0.05634 0.04915 0.04826 0.0459 0.03969 0.039 0.0329 0.03014 0.0261 0.02354 0.0194 0.01527 0.01399 0.01202 0.00689 0.00246 0.00118 0.00079 1e-04 1e-04 0 0 0 0 0 0 0 0 0 0 0 0 0 0 0 0 0 0 0 0 0 0 0 0 0 0 0 0 0 0 0
0.06734 0.05634 0.05292 0.05482 0.05785 0.06051 0.05899 0.05596 0.06241 0.0514 0.0533 0.04799 0.04609 0.04268 0.03661 0.033 0.03395 0.0258 0.02105 0.01878 0.01593 0.00967 0.01043 0.00854 0.00778 0.00436 0.0019 0.0019 0.00076 0.00095 0 0 0 0 0 0 0 0 0 0 0 0 0 0 0 0 0 0 0 0 0 0 0 0 0 0 0 0 0 0
0.06628 0.05297 0.05781 0.06174 0.06235 0.05599 0.06023 0.05508 0.06084 0.05508 0.04752 0.04782 0.04782 0.03904 0.03208 0.0336 0.02996 0.02209 0.02149 0.01816 0.01725 0.01665 0.00847 0.00847 0.00454 0.00363 0.00363 0.00333 0.00121 0.00272 3e-04 0.00091 3e-04 3e-04 3e-04 0 0 0 0 0 0 0 0 0 0 0 0 0 0 0 0 0 0 0 0 0 0 0 0 0
